     1        0.4082        0.5774        0.0000        0.0000        0.0000       -0.5774       -0.4082        0.0000        0.0000        0.0000
        0.0000        0.0000        0.0000        0.0000        0.0000        0.0000        0.0000        0.0000        0.0000        0.0000
     2        0.4082       -0.2887        0.5000        0.0000        0.0000        0.2887       -0.4082        0.5000        0.0000        0.0000
        0.0000        0.0000        0.0000        0.0000        0.0000        0.0000        0.0000        0.0000        0.0000        0.0000
     3        0.4082       -0.2887       -0.5000        0.0000        0.0000        0.2887       -0.4082       -0.5000        0.0000        0.0000
        0.0000        0.0000        0.0000        0.0000        0.0000        0.0000        0.0000        0.0000        0.0000        0.0000
     4        0.0000        0.0000        0.0000        0.7071        0.0000        0.0000        0.0000        0.0000        0.7071        0.0000
        0.0000        0.0000        0.0000        0.0000        0.0000        0.0000        0.0000        0.0000        0.0000        0.0000
     5        0.0000        0.0000        0.0000        0.0000        0.7071        0.0000        0.0000        0.0000        0.0000        0.7071
        0.0000        0.0000        0.0000        0.0000        0.0000        0.0000        0.0000        0.0000        0.0000        0.0000
     6        0.4082       -0.5774        0.0000        0.0000        0.0000       -0.5774        0.4082        0.0000        0.0000        0.0000
        0.0000        0.0000        0.0000        0.0000        0.0000        0.0000        0.0000        0.0000        0.0000        0.0000
     7        0.4082        0.2887        0.5000        0.0000        0.0000        0.2887        0.4082       -0.5000        0.0000        0.0000
        0.0000        0.0000        0.0000        0.0000        0.0000        0.0000        0.0000        0.0000        0.0000        0.0000
     8        0.4082        0.2887       -0.5000        0.0000        0.0000        0.2887        0.4082        0.5000        0.0000        0.0000
        0.0000        0.0000        0.0000        0.0000        0.0000        0.0000        0.0000        0.0000        0.0000        0.0000
     9        0.0000        0.0000        0.0000        0.7071        0.0000        0.0000        0.0000        0.0000       -0.7071        0.0000
        0.0000        0.0000        0.0000        0.0000        0.0000        0.0000        0.0000        0.0000        0.0000        0.0000
    10        0.0000        0.0000        0.0000        0.0000        0.7071        0.0000        0.0000        0.0000        0.0000       -0.7071
        0.0000        0.0000        0.0000        0.0000        0.0000        0.0000        0.0000        0.0000        0.0000        0.0000
    11        0.0000        0.0000        0.0000        0.0000        0.0000        0.0000        0.0000        0.0000        0.0000        0.0000
        0.4082        0.5774        0.0000        0.0000        0.0000       -0.5774       -0.4082        0.0000        0.0000        0.0000
    12        0.0000        0.0000        0.0000        0.0000        0.0000        0.0000        0.0000        0.0000        0.0000        0.0000
        0.4082       -0.2887        0.5000        0.0000        0.0000        0.2887       -0.4082        0.5000        0.0000        0.0000
    13        0.0000        0.0000        0.0000        0.0000        0.0000        0.0000        0.0000        0.0000        0.0000        0.0000
        0.4082       -0.2887       -0.5000        0.0000        0.0000        0.2887       -0.4082       -0.5000        0.0000        0.0000
    14        0.0000        0.0000        0.0000        0.0000        0.0000        0.0000        0.0000        0.0000        0.0000        0.0000
        0.0000        0.0000        0.0000        0.7071        0.0000        0.0000        0.0000        0.0000        0.7071        0.0000
    15        0.0000        0.0000        0.0000        0.0000        0.0000        0.0000        0.0000        0.0000        0.0000        0.0000
        0.0000        0.0000        0.0000        0.0000        0.7071        0.0000        0.0000        0.0000        0.0000        0.7071
    16        0.0000        0.0000        0.0000        0.0000        0.0000        0.0000        0.0000        0.0000        0.0000        0.0000
        0.4082       -0.5774        0.0000        0.0000        0.0000       -0.5774        0.4082        0.0000        0.0000        0.0000
    17        0.0000        0.0000        0.0000        0.0000        0.0000        0.0000        0.0000        0.0000        0.0000        0.0000
        0.4082        0.2887        0.5000        0.0000        0.0000        0.2887        0.4082       -0.5000        0.0000        0.0000
    18        0.0000        0.0000        0.0000        0.0000        0.0000        0.0000        0.0000        0.0000        0.0000        0.0000
        0.4082        0.2887       -0.5000        0.0000        0.0000        0.2887        0.4082        0.5000        0.0000        0.0000
    19        0.0000        0.0000        0.0000        0.0000        0.0000        0.0000        0.0000        0.0000        0.0000        0.0000
        0.0000        0.0000        0.0000        0.7071        0.0000        0.0000        0.0000        0.0000       -0.7071        0.0000
    20        0.0000        0.0000        0.0000        0.0000        0.0000        0.0000        0.0000        0.0000        0.0000        0.0000
        0.0000        0.0000        0.0000        0.0000        0.7071        0.0000        0.0000        0.0000        0.0000       -0.7071
