     1        0.2816        0.0000        0.2771        0.0000        0.0000        0.0000       -0.0000        0.0000        0.0000       -0.4062
        0.4316        0.0000        0.0000        0.4886        0.0000        0.0000       -0.0000        0.0000        0.5039        0.0000
     2       -0.6100        0.0000       -0.2594        0.0000        0.0000        0.0000        0.0000        0.0000        0.0000       -0.4957
       -0.3934        0.0000        0.0000        0.0221        0.0000        0.0000        0.0000        0.0000        0.3995        0.0000
     3        0.6097        0.0000       -0.4024        0.0000        0.0000        0.0000        0.0000        0.0000        0.0000        0.0151
       -0.5939        0.0000        0.0000        0.3257        0.0000        0.0000        0.0000        0.0000        0.0856        0.0000
     4        0.0000        0.0000        0.0000        0.0000        0.0000        0.0000        0.3827        0.0000        0.0000       -0.0000
        0.0000        0.0000        0.0000        0.0000        0.0000        0.0000       -0.9239        0.0000       -0.0000        0.0000
     5        0.0000        0.0000        0.0000        0.0000        0.3827        0.0000        0.0000        0.0000        0.0000        0.0000
        0.0000        0.0000        0.0000        0.0000        0.0000        0.9239        0.0000        0.0000        0.0000        0.0000
     6        0.1400        0.0000        0.7538        0.0000        0.0000        0.0000       -0.0000        0.0000        0.0000       -0.3336
       -0.4906        0.0000        0.0000       -0.1614        0.0000        0.0000       -0.0000        0.0000       -0.1849        0.0000
     7        0.1398        0.0000       -0.3273        0.0000        0.0000        0.0000        0.0000        0.0000        0.0000       -0.6744
        0.2367        0.0000        0.0000       -0.0454        0.0000        0.0000        0.0000        0.0000       -0.6004        0.0000
     8        0.3711        0.0000       -0.1367        0.0000        0.0000        0.0000        0.0000        0.0000        0.0000       -0.1517
        0.0975        0.0000        0.0000       -0.7916        0.0000        0.0000       -0.0000        0.0000        0.4295        0.0000
     9       -0.0000        0.0000       -0.0000        0.0000        0.0000        0.0000       -0.9239        0.0000        0.0000       -0.0000
       -0.0000        0.0000        0.0000        0.0000        0.0000        0.0000       -0.3827        0.0000       -0.0000        0.0000
    10        0.0000        0.0000        0.0000        0.0000       -0.9239        0.0000        0.0000        0.0000        0.0000        0.0000
        0.0000        0.0000        0.0000        0.0000        0.0000        0.3827        0.0000        0.0000        0.0000        0.0000
    11        0.0000        0.2816        0.0000        0.2771        0.0000        0.0000        0.0000       -0.0000       -0.4062        0.0000
        0.0000        0.4316        0.4886        0.0000       -0.0000        0.0000        0.0000        0.0000        0.0000        0.5039
    12        0.0000       -0.6100        0.0000       -0.2594        0.0000        0.0000        0.0000        0.0000       -0.4957        0.0000
        0.0000       -0.3934        0.0221        0.0000        0.0000        0.0000        0.0000        0.0000        0.0000        0.3995
    13        0.0000        0.6097        0.0000       -0.4024        0.0000        0.0000        0.0000        0.0000        0.0151        0.0000
        0.0000       -0.5939        0.3257        0.0000        0.0000        0.0000        0.0000        0.0000        0.0000        0.0856
    14        0.0000        0.0000        0.0000        0.0000        0.0000        0.0000        0.0000        0.3827       -0.0000        0.0000
        0.0000        0.0000        0.0000        0.0000       -0.9239        0.0000        0.0000        0.0000        0.0000       -0.0000
    15        0.0000        0.0000        0.0000        0.0000        0.0000        0.3827        0.0000        0.0000        0.0000        0.0000
        0.0000        0.0000        0.0000        0.0000        0.0000        0.0000        0.0000        0.9239        0.0000        0.0000
    16        0.0000        0.1400        0.0000        0.7538        0.0000        0.0000        0.0000       -0.0000       -0.3336        0.0000
        0.0000       -0.4906       -0.1614        0.0000       -0.0000        0.0000        0.0000        0.0000        0.0000       -0.1849
    17        0.0000        0.1398        0.0000       -0.3273        0.0000        0.0000        0.0000        0.0000       -0.6744        0.0000
        0.0000        0.2367       -0.0454        0.0000        0.0000        0.0000        0.0000        0.0000        0.0000       -0.6004
    18        0.0000        0.3711        0.0000       -0.1367        0.0000        0.0000        0.0000        0.0000       -0.1517        0.0000
        0.0000        0.0975       -0.7916        0.0000       -0.0000        0.0000        0.0000        0.0000        0.0000        0.4295
    19        0.0000       -0.0000        0.0000       -0.0000        0.0000        0.0000        0.0000       -0.9239       -0.0000        0.0000
        0.0000       -0.0000        0.0000        0.0000       -0.3827        0.0000        0.0000        0.0000        0.0000       -0.0000
    20        0.0000        0.0000        0.0000        0.0000        0.0000       -0.9239        0.0000        0.0000        0.0000        0.0000
        0.0000        0.0000        0.0000        0.0000        0.0000        0.0000        0.0000        0.3827        0.0000        0.0000
