 coefficient matrix C
-0.34   0.16   0.00  -0.16  -0.25  -0.21   0.00   0.16  -0.18   0.00  -0.20   0.35   0.00   0.34   0.16   0.20   0.00   0.00   0.00   0.23  -0.12   0.16   
-0.34  -0.35   0.00  -0.16   0.00  -0.17   0.00   0.00   0.27   0.00   0.13   0.00   0.00   0.34   0.16  -0.17  -0.21  -0.29   0.00  -0.14   0.10  -0.23   
-0.34   0.19   0.00  -0.16   0.23   0.38  -0.12   0.00   0.00   0.00   0.00  -0.39   0.00   0.34   0.16   0.00   0.20   0.25   0.00   0.00   0.00   0.00   
 0.00   0.14  -0.14   0.00   0.00   0.12   0.22   0.00   0.38  -0.34   0.00   0.00   0.19   0.00   0.00  -0.16   0.00  -0.17   0.40   0.00  -0.33   0.00   
 0.00   0.00   0.25   0.00   0.23   0.00   0.14  -0.15   0.00   0.16   0.00  -0.15   0.10   0.00   0.00   0.31  -0.20   0.00   0.00   0.00  -0.20   0.00   
-0.34   0.16   0.00  -0.16  -0.25  -0.21   0.00   0.16  -0.18   0.00  -0.20  -0.35   0.00  -0.34  -0.16  -0.20   0.00   0.00   0.00  -0.23   0.12  -0.16   
-0.34  -0.35   0.00  -0.16   0.00  -0.17   0.00   0.00   0.27   0.00   0.13   0.00   0.00  -0.34  -0.16   0.17   0.21   0.29   0.00   0.14  -0.10   0.23   
-0.34   0.19   0.00  -0.16   0.23   0.38  -0.12   0.00   0.00   0.00   0.00   0.39   0.00  -0.34  -0.16   0.00  -0.20  -0.25   0.00   0.00   0.00   0.00   
 0.00   0.14  -0.14   0.00   0.00   0.12   0.22   0.00   0.38  -0.34   0.00   0.00  -0.19   0.00   0.00   0.16   0.00   0.17  -0.40   0.00   0.33   0.00   
 0.00   0.00   0.25   0.00   0.23   0.00   0.14  -0.15   0.00   0.16   0.00   0.15  -0.10   0.00   0.00  -0.31   0.20   0.00   0.00   0.00   0.20   0.00   
-0.16   0.00  -0.23   0.33  -0.26   0.00   0.00  -0.17   0.00   0.12   0.21   0.00  -0.27   0.16  -0.33  -0.11   0.23   0.00   0.16   0.18   0.00   0.00   
-0.16   0.00   0.00   0.33   0.27  -0.19   0.21  -0.14   0.00  -0.16   0.00  -0.16   0.00   0.16  -0.33   0.27   0.00  -0.18  -0.17   0.00  -0.11  -0.15   
-0.16  -0.15   0.20   0.33   0.00   0.17  -0.18   0.31   0.15   0.00  -0.14   0.00   0.29   0.16  -0.33  -0.16  -0.27   0.19   0.00  -0.13   0.00   0.14   
 0.00   0.24  -0.26   0.00   0.16   0.00   0.00   0.23   0.16   0.39   0.00   0.00  -0.34   0.00   0.00   0.16  -0.10   0.14   0.26  -0.37  -0.11   0.00   
 0.00  -0.21  -0.20   0.00   0.00   0.21   0.12  -0.21   0.00   0.11  -0.39  -0.15  -0.21   0.00   0.00  -0.18  -0.10  -0.20  -0.21   0.00  -0.23   0.34   
-0.16   0.00  -0.23   0.33  -0.26   0.00   0.00  -0.17   0.00   0.12   0.21   0.00   0.27  -0.16   0.33   0.11  -0.23   0.00  -0.16  -0.18   0.00   0.00   
-0.16   0.00   0.00   0.33   0.27  -0.19   0.21  -0.14   0.00  -0.16   0.00   0.16   0.00  -0.16   0.33  -0.27   0.00   0.18   0.17   0.00   0.11   0.15   
-0.16  -0.15   0.20   0.33   0.00   0.17  -0.18   0.31   0.15   0.00  -0.14   0.00  -0.29  -0.16   0.33   0.16   0.27  -0.19   0.00   0.13   0.00  -0.14   
 0.00   0.24  -0.26   0.00   0.16   0.00   0.00   0.23   0.16   0.39   0.00   0.00   0.34   0.00   0.00  -0.16   0.10  -0.14  -0.26   0.37   0.11   0.00   
 0.00  -0.21  -0.20   0.00   0.00   0.21   0.12  -0.21   0.00   0.11  -0.39   0.15   0.21   0.00   0.00   0.18   0.10   0.20   0.21   0.00   0.23  -0.34   
           0
 projected vectors
   -0.83    -0.00     0.00    -0.39    -0.02     0.00    -0.10     0.13     0.07     0.00    -0.06     0.00     0.00    -0.00     0.00     0.00     0.00     0.00     0.00     0.00     0.00     0.00  
    0.00     0.00     0.00     0.00     0.00     0.00     0.00     0.00     0.00     0.00     0.00     0.63     0.00    -0.00    -0.00     0.32     0.00     0.02     0.00     0.34    -0.20     0.32  
    0.00    -0.53     0.00    -0.00    -0.23    -0.55     0.12     0.00     0.27     0.00     0.13    -0.00     0.00    -0.00     0.00     0.00     0.00    -0.00     0.00     0.00     0.00     0.00  
    0.00     0.19    -0.20     0.00     0.00     0.17     0.31     0.00     0.54    -0.49     0.00     0.00     0.00     0.00     0.00     0.00     0.00     0.00     0.00     0.00     0.00     0.00  
    0.00     0.00     0.36     0.00     0.32     0.00     0.20    -0.22     0.00     0.22     0.00     0.00     0.00     0.00     0.00     0.00     0.00     0.00     0.00     0.00     0.00     0.00  
   -0.00    -0.28     0.00    -0.00     0.42     0.36    -0.07    -0.18     0.36    -0.00     0.31    -0.00     0.00    -0.00     0.00     0.00     0.00     0.00     0.00    -0.00    -0.00    -0.00  
    0.00     0.00     0.00     0.00     0.00     0.00     0.00     0.00     0.00     0.00     0.00     0.03     0.00    -0.82    -0.38    -0.02     0.01     0.03     0.00    -0.07     0.01     0.06  
    0.00     0.00     0.00     0.00     0.00     0.00     0.00     0.00     0.00     0.00     0.00     0.39     0.00     0.00     0.00    -0.17    -0.41    -0.54     0.00    -0.14     0.10    -0.23  
    0.00     0.00     0.00     0.00     0.00     0.00     0.00     0.00     0.00     0.00     0.00     0.00     0.27     0.00     0.00    -0.23     0.00    -0.24     0.56     0.00    -0.46     0.00  
    0.00     0.00     0.00     0.00     0.00     0.00     0.00     0.00     0.00     0.00     0.00    -0.22     0.14     0.00     0.00     0.44    -0.28     0.00     0.00     0.00    -0.28     0.00  
   -0.40    -0.12    -0.02     0.82     0.01    -0.02     0.02    -0.00     0.12    -0.03     0.05     0.00     0.00     0.00     0.00     0.00     0.00     0.00     0.00     0.00     0.00     0.00  
    0.00     0.00     0.00     0.00     0.00     0.00     0.00     0.00     0.00     0.00     0.00     0.09    -0.47     0.00     0.00    -0.19     0.42    -0.01     0.28     0.29     0.06     0.00  
   -0.00     0.15    -0.20    -0.00     0.27    -0.36     0.39    -0.45    -0.15    -0.16     0.14     0.00    -0.00     0.00     0.00    -0.00     0.00     0.00     0.00    -0.00     0.00    -0.00  
    0.00     0.35    -0.37     0.00     0.23     0.00     0.00     0.32     0.22     0.55     0.00     0.00     0.00     0.00     0.00     0.00     0.00     0.00     0.00     0.00     0.00     0.00  
    0.00    -0.29    -0.28     0.00     0.00     0.29     0.16    -0.30     0.00     0.15    -0.55     0.00     0.00     0.00     0.00     0.00     0.00     0.00     0.00     0.00     0.00     0.00  
   -0.00    -0.09     0.38    -0.00     0.46    -0.01     0.02     0.30     0.09    -0.23    -0.32     0.00    -0.00     0.00    -0.00    -0.00    -0.00     0.00     0.00    -0.00     0.00     0.00  
    0.00     0.00     0.00     0.00     0.00     0.00     0.00     0.00     0.00     0.00     0.00     0.13    -0.01    -0.38     0.82    -0.00     0.03    -0.01     0.01    -0.04     0.09     0.00  
    0.00     0.00     0.00     0.00     0.00     0.00     0.00     0.00     0.00     0.00     0.00    -0.16    -0.29    -0.00    -0.00     0.42     0.27    -0.37    -0.17     0.13    -0.11    -0.29  
    0.00     0.00     0.00     0.00     0.00     0.00     0.00     0.00     0.00     0.00     0.00     0.00    -0.48     0.00     0.00     0.23    -0.14     0.19     0.37    -0.52    -0.15     0.00  
    0.00     0.00     0.00     0.00     0.00     0.00     0.00     0.00     0.00     0.00     0.00    -0.21    -0.29     0.00     0.00    -0.25    -0.14    -0.29    -0.29     0.00    -0.33     0.48  
 maxs
           1 -           1  0.826487932111288        1.22706573524910     
           2 -          12  0.625383972314681        1.99957011931874     
           3 -           6  0.547594636678696        1.81466208329072     
           4 -           9  0.541884255813581        1.20857215761065     
           5 -           3  0.360161841688480        1.95716196345349     
           6 -           5  0.419319513947372        1.76327167749226     
           7 -          14  0.822798816337706        1.39459901276173     
           8 -          18  0.541719049215317        1.90038823525556     
           9 -          19  0.561620170567194        1.82103241349184     
          10 -          16  0.438753827404973        1.82853228838805     
          11 -           4  0.815594654435884        1.57361744103013     
          12 -          13  0.474347104121700        1.85220860198496     
          13 -           8  0.445228204131126        1.95652812247517     
          14 -          10  0.551193440819105        1.20670636828702     
          15 -          11  0.553361685403640        1.20127281334951     
          16 -           5  0.461143832561763        2.27249974915531     
          17 -          15  0.817518046758055        1.71342395323841     
          18 -          16  0.424447454512119        1.70546251827645     
          19 -          20  0.524449242847922        1.68636676437741     
          20 -          22  0.477000005505053        1.53167520639895     
 max energy
  0.000000000000000E+000           1
  0.147565841674805               11
  0.410860061645508                2
  0.673555374145508               12
  0.962617874145508                3
   1.99709892272949               13
   2.17807769775391                4
   2.38765907287598                5
   2.59492683410645               14
   2.73122406005859                6
   2.99846458435059               15
   3.20445060729980               16
   3.59169197082520                7
   3.68418312072754               17
   4.25561141967773               18
   4.73041725158691                8
   4.86160087585449               19
   5.22307205200195                9
   6.78405952453613               10
   7.31059074401855               20
 projected on
    0.41     0.41     0.41     0.00     0.00     0.41     0.41     0.41     0.00     0.00     0.00     0.00     0.00     0.00     0.00     0.00     0.00     0.00     0.00     0.00  
    0.58    -0.29    -0.29     0.00     0.00    -0.58     0.29     0.29     0.00     0.00     0.00     0.00     0.00     0.00     0.00     0.00     0.00     0.00     0.00     0.00  
    0.00     0.50    -0.50     0.00     0.00     0.00     0.50    -0.50     0.00     0.00     0.00     0.00     0.00     0.00     0.00     0.00     0.00     0.00     0.00     0.00  
    0.00     0.00     0.00     0.71     0.00     0.00     0.00     0.00     0.71     0.00     0.00     0.00     0.00     0.00     0.00     0.00     0.00     0.00     0.00     0.00  
    0.00     0.00     0.00     0.00     0.71     0.00     0.00     0.00     0.00     0.71     0.00     0.00     0.00     0.00     0.00     0.00     0.00     0.00     0.00     0.00  
   -0.58     0.29     0.29     0.00     0.00    -0.58     0.29     0.29     0.00     0.00     0.00     0.00     0.00     0.00     0.00     0.00     0.00     0.00     0.00     0.00  
   -0.41    -0.41    -0.41     0.00     0.00     0.41     0.41     0.41     0.00     0.00     0.00     0.00     0.00     0.00     0.00     0.00     0.00     0.00     0.00     0.00  
    0.00     0.50    -0.50     0.00     0.00     0.00    -0.50     0.50     0.00     0.00     0.00     0.00     0.00     0.00     0.00     0.00     0.00     0.00     0.00     0.00  
    0.00     0.00     0.00     0.71     0.00     0.00     0.00     0.00    -0.71     0.00     0.00     0.00     0.00     0.00     0.00     0.00     0.00     0.00     0.00     0.00  
    0.00     0.00     0.00     0.00     0.71     0.00     0.00     0.00     0.00    -0.71     0.00     0.00     0.00     0.00     0.00     0.00     0.00     0.00     0.00     0.00  
    0.00     0.00     0.00     0.00     0.00     0.00     0.00     0.00     0.00     0.00     0.41     0.41     0.41     0.00     0.00     0.41     0.41     0.41     0.00     0.00  
    0.00     0.00     0.00     0.00     0.00     0.00     0.00     0.00     0.00     0.00     0.58    -0.29    -0.29     0.00     0.00    -0.58     0.29     0.29     0.00     0.00  
    0.00     0.00     0.00     0.00     0.00     0.00     0.00     0.00     0.00     0.00     0.00     0.50    -0.50     0.00     0.00     0.00     0.50    -0.50     0.00     0.00  
    0.00     0.00     0.00     0.00     0.00     0.00     0.00     0.00     0.00     0.00     0.00     0.00     0.00     0.71     0.00     0.00     0.00     0.00     0.71     0.00  
    0.00     0.00     0.00     0.00     0.00     0.00     0.00     0.00     0.00     0.00     0.00     0.00     0.00     0.00     0.71     0.00     0.00     0.00     0.00     0.71  
    0.00     0.00     0.00     0.00     0.00     0.00     0.00     0.00     0.00     0.00    -0.58     0.29     0.29     0.00     0.00    -0.58     0.29     0.29     0.00     0.00  
    0.00     0.00     0.00     0.00     0.00     0.00     0.00     0.00     0.00     0.00    -0.41    -0.41    -0.41     0.00     0.00     0.41     0.41     0.41     0.00     0.00  
    0.00     0.00     0.00     0.00     0.00     0.00     0.00     0.00     0.00     0.00     0.00     0.50    -0.50     0.00     0.00     0.00    -0.50     0.50     0.00     0.00  
    0.00     0.00     0.00     0.00     0.00     0.00     0.00     0.00     0.00     0.00     0.00     0.00     0.00     0.71     0.00     0.00     0.00     0.00    -0.71     0.00  
    0.00     0.00     0.00     0.00     0.00     0.00     0.00     0.00     0.00     0.00     0.00     0.00     0.00     0.00     0.71     0.00     0.00     0.00     0.00    -0.71  
 ---------------------------------------
 projected vectors
   -0.31     0.41     0.00    -0.15     0.12     0.36    -0.12     0.07    -0.20     0.00    -0.15    -0.04     0.00    -0.12    -0.06     0.15     0.20     0.28     0.00     0.14    -0.10     0.19  
   -0.15    -0.15     0.10     0.31    -0.24     0.25    -0.28     0.29     0.15     0.13    -0.05     0.12     0.03    -0.06     0.12    -0.25    -0.03     0.18     0.15    -0.01     0.08     0.15  
    0.03     0.27     0.00     0.02    -0.38    -0.32     0.07     0.16    -0.34     0.00    -0.29    -0.06     0.00    -0.23    -0.11    -0.10    -0.07    -0.09     0.00    -0.12     0.07    -0.09  
    0.02     0.08    -0.35    -0.03    -0.43     0.02    -0.03    -0.27    -0.08     0.22     0.29    -0.01     0.05    -0.11     0.23     0.11    -0.04    -0.06    -0.09    -0.05    -0.01    -0.05  
    0.00     0.00    -0.14     0.00    -0.12     0.00    -0.07     0.08     0.00    -0.08     0.00    -0.20     0.13     0.00     0.00     0.41    -0.26     0.00     0.00     0.00    -0.26     0.00  
    0.00     0.11     0.11     0.00     0.00    -0.11    -0.06     0.12     0.00    -0.06     0.21    -0.19    -0.27     0.00     0.00    -0.23    -0.13    -0.26    -0.27     0.00    -0.31     0.44  
    0.00    -0.07     0.08     0.00     0.00    -0.07    -0.12    -0.00    -0.21     0.19     0.00     0.00     0.25     0.00     0.00    -0.21     0.00    -0.22     0.52     0.00    -0.43     0.00  
    0.00    -0.13     0.14    -0.00    -0.09    -0.00     0.00    -0.12    -0.08    -0.21    -0.00    -0.00    -0.44     0.00    -0.00     0.21    -0.13     0.18     0.34    -0.48    -0.14     0.00  
    0.33     0.02     0.14    -0.68    -0.12     0.20    -0.22     0.25    -0.02     0.09    -0.14    -0.03     0.07     0.04    -0.09     0.03    -0.06    -0.00    -0.04    -0.04    -0.02    -0.00  
    0.69     0.26     0.00     0.33     0.15     0.30     0.02    -0.12    -0.18    -0.00    -0.00    -0.09    -0.00     0.09     0.04    -0.04    -0.00    -0.01    -0.00    -0.04     0.03    -0.05  
    0.24    -0.05    -0.00     0.11    -0.10    -0.15     0.06    -0.01    -0.03    -0.00    -0.01     0.59     0.00    -0.13    -0.06     0.28    -0.01     0.01     0.00     0.29    -0.18     0.29  
    0.12     0.07    -0.09    -0.24    -0.03    -0.05     0.06    -0.12    -0.07     0.02     0.06     0.10    -0.44    -0.06     0.13    -0.16     0.40    -0.02     0.25     0.26     0.07    -0.01  
    0.03     0.07    -0.17    -0.05    -0.09    -0.07     0.08    -0.20    -0.07     0.04     0.14    -0.01     0.15     0.29    -0.61    -0.23    -0.15     0.20     0.09    -0.03    -0.01     0.15  
    0.05    -0.03    -0.00     0.03    -0.19    -0.24     0.06     0.05    -0.06     0.00    -0.07    -0.21     0.00     0.62     0.29     0.12     0.21     0.26     0.00     0.14    -0.07     0.09  
   -0.00    -0.32     0.34     0.00    -0.21    -0.00     0.00    -0.30    -0.20    -0.51    -0.00    -0.00     0.18     0.00    -0.00    -0.09     0.05    -0.07    -0.14     0.20     0.06     0.00  
    0.00     0.00     0.33     0.00     0.30     0.00     0.18    -0.20     0.00     0.20     0.00    -0.08     0.05     0.00     0.00     0.17    -0.11     0.00     0.00     0.00    -0.11     0.00  
   -0.00    -0.18     0.19    -0.00     0.00    -0.16    -0.29    -0.00    -0.50     0.45     0.00    -0.00    -0.10     0.00     0.00     0.09     0.00     0.09    -0.21     0.00     0.18     0.00  
    0.00    -0.27    -0.26     0.00     0.00     0.27     0.15    -0.28     0.00     0.14    -0.51    -0.08    -0.11     0.00     0.00    -0.10    -0.05    -0.11    -0.11     0.00    -0.13     0.18  
   -0.21     0.22     0.00    -0.10     0.04     0.16    -0.06     0.05    -0.11     0.00    -0.09     0.37    -0.00     0.45     0.21    -0.03    -0.28    -0.38    -0.00     0.02     0.02    -0.12  
   -0.10    -0.08     0.03     0.21    -0.14     0.12    -0.14     0.13     0.08     0.07    -0.01    -0.16    -0.28     0.21    -0.45     0.25     0.25    -0.25    -0.06     0.17    -0.11    -0.20  
 maxs
           1 -           2  0.413268935308418        2.29470284906385     
           2 -           4  0.310471069138576        2.78835091176100     
           3 -           5  0.379737781873269        2.45177731443752     
           4 -           5  0.431107668414986        2.25914480646434     
           5 -          16  0.405355687887812        2.74900324486612     
           6 -          22  0.440690525442636        2.86723298505058     
           7 -          19  0.518869365319248        2.05426384649573     
           8 -          20  0.484527945729479        2.81567810700930     
           9 -           4  0.681331750806561        2.39230277182388     
          10 -           1  0.690465018637749        2.41189502207125     
          11 -          12  0.588969123973314        2.01075430196536     
          12 -          13  0.444706842307216        2.34830707237319     
          13 -          15  0.612336014296675        2.56563078031356     
          14 -          14  0.616316656679391        2.41151890079076     
          15 -          10  0.509236347142451        2.40054295475381     
          16 -           3  0.332746159622265        3.26010647736426     
          17 -           9  0.500635781504295        2.45087924080135     
          18 -          11  0.511239543969865        2.66965367113940     
          19 -          14  0.451707066230135        2.28732797237892     
          20 -          15  0.448827264421698        1.98063517735203     
 max energy
  0.000000000000000E+000           1
  0.147565841674805                2
  0.410860061645508                3
  0.673555374145508                4
  0.962617874145508                5
   1.99709892272949                6
   2.17807769775391                7
   2.38765907287598                8
   2.59492683410645                9
   2.73122406005859               10
   2.99846458435059               11
   3.20445060729980               12
   3.59169197082520               13
   3.68418312072754               14
   4.25561141967773               15
   4.73041725158691               16
   4.86160087585449               17
   5.22307205200195               18
   6.78405952453613               19
   7.31059074401855               20
 projected on
    0.28    -0.61     0.61     0.00     0.00     0.14     0.14     0.37    -0.00     0.00     0.00     0.00     0.00     0.00     0.00     0.00     0.00     0.00     0.00     0.00  
    0.00     0.00     0.00     0.00     0.00     0.00     0.00     0.00     0.00     0.00     0.28    -0.61     0.61     0.00     0.00     0.14     0.14     0.37    -0.00     0.00  
    0.28    -0.26    -0.40     0.00     0.00     0.75    -0.33    -0.14    -0.00     0.00     0.00     0.00     0.00     0.00     0.00     0.00     0.00     0.00     0.00     0.00  
    0.00     0.00     0.00     0.00     0.00     0.00     0.00     0.00     0.00     0.00     0.28    -0.26    -0.40     0.00     0.00     0.75    -0.33    -0.14    -0.00     0.00  
    0.00     0.00     0.00     0.00     0.38     0.00     0.00     0.00     0.00    -0.92     0.00     0.00     0.00     0.00     0.00     0.00     0.00     0.00     0.00     0.00  
    0.00     0.00     0.00     0.00     0.00     0.00     0.00     0.00     0.00     0.00     0.00     0.00     0.00     0.00     0.38     0.00     0.00     0.00     0.00    -0.92  
   -0.00     0.00     0.00     0.38     0.00    -0.00     0.00     0.00    -0.92     0.00     0.00     0.00     0.00     0.00     0.00     0.00     0.00     0.00     0.00     0.00  
    0.00     0.00     0.00     0.00     0.00     0.00     0.00     0.00     0.00     0.00    -0.00     0.00     0.00     0.38     0.00    -0.00     0.00     0.00    -0.92     0.00  
    0.00     0.00     0.00     0.00     0.00     0.00     0.00     0.00     0.00     0.00    -0.41    -0.50     0.02    -0.00     0.00    -0.33    -0.67    -0.15    -0.00     0.00  
   -0.41    -0.50     0.02    -0.00     0.00    -0.33    -0.67    -0.15    -0.00     0.00     0.00     0.00     0.00     0.00     0.00     0.00     0.00     0.00     0.00     0.00  
    0.43    -0.39    -0.59     0.00     0.00    -0.49     0.24     0.10    -0.00     0.00     0.00     0.00     0.00     0.00     0.00     0.00     0.00     0.00     0.00     0.00  
    0.00     0.00     0.00     0.00     0.00     0.00     0.00     0.00     0.00     0.00     0.43    -0.39    -0.59     0.00     0.00    -0.49     0.24     0.10    -0.00     0.00  
    0.00     0.00     0.00     0.00     0.00     0.00     0.00     0.00     0.00     0.00     0.49     0.02     0.33     0.00     0.00    -0.16    -0.05    -0.79     0.00     0.00  
    0.49     0.02     0.33     0.00     0.00    -0.16    -0.05    -0.79     0.00     0.00     0.00     0.00     0.00     0.00     0.00     0.00     0.00     0.00     0.00     0.00  
    0.00     0.00     0.00     0.00     0.00     0.00     0.00     0.00     0.00     0.00    -0.00     0.00     0.00    -0.92     0.00    -0.00     0.00    -0.00    -0.38     0.00  
    0.00     0.00     0.00     0.00     0.92     0.00     0.00     0.00     0.00     0.38     0.00     0.00     0.00     0.00     0.00     0.00     0.00     0.00     0.00     0.00  
   -0.00     0.00     0.00    -0.92     0.00    -0.00     0.00    -0.00    -0.38     0.00     0.00     0.00     0.00     0.00     0.00     0.00     0.00     0.00     0.00     0.00  
    0.00     0.00     0.00     0.00     0.00     0.00     0.00     0.00     0.00     0.00     0.00     0.00     0.00     0.00     0.92     0.00     0.00     0.00     0.00     0.38  
    0.50     0.40     0.09    -0.00     0.00    -0.18    -0.60     0.43    -0.00     0.00     0.00     0.00     0.00     0.00     0.00     0.00     0.00     0.00     0.00     0.00  
    0.00     0.00     0.00     0.00     0.00     0.00     0.00     0.00     0.00     0.00     0.50     0.40     0.09    -0.00     0.00    -0.18    -0.60     0.43    -0.00     0.00  
